%YAML:1.0
---
model_type: PINHOLE
camera_name: camera
image_width: 848
image_height: 480
distortion_parameters:
   k1: 0.0011872547552499587
   k2: -0.0006795410975125896
   p1: -0.0004668300496499715
   p2: 0.00029842304640345055
projection_parameters:
   fx: 420.44955459342043
   fy: 422.4025482760406
   cx: 426.6360719046911
   cy: 235.6621048332724
