%YAML:1.0
---
model_type: PINHOLE
camera_name: camera
image_width: 848
image_height: 480
distortion_parameters:
   k1: 5.48324010490589e-05
   k2: -4.385406935558303e-05
   p1: -0.00020332907329503183
   p2: 0.00016572677706572472
projection_parameters:
   fx: 426.8825036040236
   fy: 429.4438220039055
   cx: 424.9969624435153
   cy: 245.6695137338236
