%YAML:1.0
---
model_type: PINHOLE
camera_name: camera
image_width: 848
image_height: 480
distortion_parameters:
   k1: 0.0005335379318268691
   k2: -0.000402842600031004
   p1: -0.00013349069613134934
   p2: 0.00028898590369644847
projection_parameters:
   fx: 427.7800095351429
   fy: 430.3491378636911
   cx: 426.5920875648096
   cy: 246.406737303008
