# IMU configuration file for PX4
ifo001:
  "bias_gyro": [0.00799, 0.00723, 0.03126] # deg/s
  "bias_accel": [0.00164, 0.00173, 0.00240]
  "bias_gyro_walk": [0.00052, 0.00036, 0.00208]
  "bias_accel_walk": [0.00023, 0.00014, 0.00015]
ifo002:
  "bias_gyro": [0.00732, 0.00848, 0.02171]
  "bias_accel": [0.00280, 0.00320, 0.00627]
  "bias_gyro_walk": [0.00044, 0.00117, 0.02572]
  "bias_accel_walk": [0.00185, 0.00141, 0.00108]
ifo003:
  "bias_gyro": [0.00812, 0.00845, 0.01397]
  "bias_accel": [0.00331, 0.00437, 0.00589]
  "bias_gyro_walk": [0.00031, 0.00043, 0.00851]
  "bias_accel_walk": [0.00155, 0.00128, 0.00028]