cam0:
  T_cam_imu:
  - [-0.03048322233497852, -0.9994478247746059, -0.013221902638661298, -0.0029909060779422223]
  - [0.04658067279162642, 0.01179321311112852, -0.9988449134108841, -0.04492467768312729]
  - [0.9984493047112393, -0.031063896694160542, 0.04619545696081839, -0.10483462060117207]
  - [0.0, 0.0, 0.0, 1.0]
  cam_overlaps: [1]
  camera_model: pinhole
  distortion_coeffs: [5.48324010490589e-05, -4.385406935558303e-05, -0.00020332907329503183, 0.00016572677706572472]
  distortion_model: radtan
  intrinsics: [426.8825036040236, 429.4438220039055, 424.9969624435153, 245.6695137338236]
  resolution: [848, 480]
  rostopic: /ifo001/camera/infra1/image_rect_raw
  timeshift_cam_imu: 0.00020659659298269024
cam1:
  T_cam_imu:
  - [-0.03423349846045587, -0.9993283349667665, -0.01307465164767918, -0.05259329102233486]
  - [0.04665675499444588, 0.01147003214064568, -0.9988451259209713, -0.04504094343629039]
  - [0.998324203250901, -0.03480398389901296, 0.0462327579559238, -0.10476124649526034]
  - [0.0, 0.0, 0.0, 1.0]
  T_cn_cnm1:
  - [0.9999929497341551, -0.0003203621196478811, -0.003741370082188454, -0.05000902330913746]
  - [0.0003206860970410697, 0.9999999448827548, 8.599366578595e-05, -0.00010629397396396496]
  - [0.0037413423268614016, -8.719286487698865e-05, 0.9999929973529782, 7.991287822243158e-05]
  - [0.0, 0.0, 0.0, 1.0]
  cam_overlaps: [0]
  camera_model: pinhole
  distortion_coeffs: [0.0005335379318268691, -0.000402842600031004, -0.00013349069613134934, 0.00028898590369644847]
  distortion_model: radtan
  intrinsics: [427.7800095351429, 430.3491378636911, 426.5920875648096, 246.406737303008]
  resolution: [848, 480]
  rostopic: /ifo001/camera/infra2/image_rect_raw
  timeshift_cam_imu: 0.00021175681395678488
