cam0:
  T_cam_imu:
  - [0.999782496235517, -0.005951944009280025, 0.019988361203167007, 0.0010573736994086615]
  - [0.0059787049818091475, 0.9999813090184381, -0.0012793359647977301, -0.034123635032908585]
  - [-0.019980373065044778, 0.0013985622191129237, 0.999799394236614, -0.004326180676746131]
  - [0.0, 0.0, 0.0, 1.0]
  cam_overlaps: [1]
  camera_model: pinhole
  distortion_coeffs: [5.48324010490589e-05, -4.385406935558303e-05, -0.00020332907329503183, 0.00016572677706572472]
  distortion_model: radtan
  intrinsics: [426.8825036040236, 429.4438220039055, 424.9969624435153, 245.6695137338236]
  resolution: [848, 480]
  rostopic: /ifo001/camera/infra1/image_rect_raw
  timeshift_cam_imu: 0.004069301999581924
cam1:
  T_cam_imu:
  - [0.9998482861225495, -0.006277490717102558, 0.016248010588901175, -0.04892453930149112]
  - [0.006297602813363525, 0.9999794654640233, -0.001186949489782789, -0.03422996006516233]
  - [-0.016240225879139408, 0.0012890929302695805, 0.9998672878451478, -0.004239306169332033]
  - [0.0, 0.0, 0.0, 1.0]
  T_cn_cnm1:
  - [0.9999929497341551, -0.0003203621196478811, -0.003741370082188454, -0.05000902330913746]
  - [0.0003206860970410697, 0.9999999448827548, 8.599366578595e-05, -0.00010629397396396496]
  - [0.0037413423268614016, -8.719286487698865e-05, 0.9999929973529782, 7.991287822243158e-05]
  - [0.0, 0.0, 0.0, 1.0]
  cam_overlaps: [0]
  camera_model: pinhole
  distortion_coeffs: [0.0005335379318268691, -0.000402842600031004, -0.00013349069613134934, 0.00028898590369644847]
  distortion_model: radtan
  intrinsics: [427.7800095351429, 430.3491378636911, 426.5920875648096, 246.406737303008]
  resolution: [848, 480]
  rostopic: /ifo001/camera/infra2/image_rect_raw
  timeshift_cam_imu: 0.0040622026175410105
