cam0:
  cam_overlaps: [1]
  camera_model: pinhole
  distortion_coeffs: [5.48324010490589e-05, -4.385406935558303e-05, -0.00020332907329503183, 0.00016572677706572472]
  distortion_model: radtan
  intrinsics: [426.8825036040236, 429.4438220039055, 424.9969624435153, 245.6695137338236]
  resolution: [848, 480]
  rostopic: /ifo001/camera/infra1/image_rect_raw
cam1:
  T_cn_cnm1:
  - [0.9999929497341533, -0.0003203621196478811, -0.0037413700821884543, -0.05000902330913746]
  - [0.0003206860970410697, 0.999999944882753, 8.599366578595001e-05, -0.00010629397396396496]
  - [0.003741342326861402, -8.719286487698866e-05, 0.9999929973529764, 7.991287822243158e-05]
  - [0.0, 0.0, 0.0, 1.0]
  cam_overlaps: [0]
  camera_model: pinhole
  distortion_coeffs: [0.0005335379318268691, -0.000402842600031004, -0.00013349069613134934, 0.00028898590369644847]
  distortion_model: radtan
  intrinsics: [427.7800095351429, 430.3491378636911, 426.5920875648096, 246.406737303008]
  resolution: [848, 480]
  rostopic: /ifo001/camera/infra2/image_rect_raw
