#Accelerometer
accelerometer_noise_density: 0.0017406604711538735 
accelerometer_random_walk: 0.00015307422325951825 

#Gyroscope
gyroscope_noise_density: 0.0001458686237694437 
gyroscope_random_walk: 4.9301458092257e-06 

rostopic: '/ifo003/camera/imu' #Make sure this is correct
update_rate: 200.0 #Make sure this is correct

