cam0:
  T_cam_imu:
  - [0.9999972796601145, 0.00010003686619851507, 0.002330378723703621, -0.006744079577011108]
  - [-9.807572816430934e-05, 0.9999996410011031, -0.0008416524320472161, 0.031168793481210003]
  - [-0.00233046208337196, 0.0008414215888763098, 0.9999969304733828, -0.022366739491686768]
  - [0.0, 0.0, 0.0, 1.0]
  cam_overlaps: [1]
  camera_model: pinhole
  distortion_coeffs: [-0.0006325857315915039, 0.0004755762420834004, -0.00036144795825349086, 0.00010234072856141909]
  distortion_model: radtan
  intrinsics: [420.3293424072411, 422.0938563331847, 427.46982182827145, 235.96662924080889]
  resolution: [848, 480]
  rostopic: /ifo002/camera/infra1/image_rect_raw
  timeshift_cam_imu: 0.004220369151874288
cam1:
  T_cam_imu:
  - [0.9999941318612473, 0.00017928677018620828, 0.0034211254470549713, -0.05674918471891217]
  - [-0.00017545377374101814, 0.9999993566709011, -0.0011206577341918962, 0.03117968922592414]
  - [-0.0034213241652510675, 0.0011200509086466905, 0.999993519992464, -0.022330640261880773]
  - [0.0, 0.0, 0.0, 1.0]
  T_cn_cnm1:
  - [0.9999994019905596, 7.833215462727455e-05, 0.0010908173936812827, -0.049983152665197324]
  - [-7.802805154554559e-05, 0.9999999580842941, -0.00027882435837074573, 4.134431999480615e-06]
  - [-0.0010908391888716608, 0.0002787390772753277, 0.9999993661869894, 2.004038644540692e-05]
  - [0.0, 0.0, 0.0, 1.0]
  cam_overlaps: [0]
  camera_model: pinhole
  distortion_coeffs: [-0.0001997374045288431, 0.0003001280579079632, -0.0004155930801938355, -0.0001946012297300367]
  distortion_model: radtan
  intrinsics: [420.3392876578212, 422.11848956997335, 427.5257825266123, 236.10169089242632]
  resolution: [848, 480]
  rostopic: /ifo002/camera/infra2/image_rect_raw
  timeshift_cam_imu: 0.004221794170085454
