cam0:
  T_cam_imu:
  - [-0.009833717528726832, -0.9999516476704521, 1.7908475913652744e-05, -0.0019400487856221088]
  - [0.0041656264569635, -5.887476114391221e-05, -0.9999913220073382, -0.035189553410740856]
  - [0.9999429711517485, -0.009833557591777231, 0.004166003996990936, -0.10486545940579112]
  - [0.0, 0.0, 0.0, 1.0]
  cam_overlaps: [1]
  camera_model: pinhole
  distortion_coeffs: [-0.0006325857315915039, 0.0004755762420834004, -0.00036144795825349086, 0.00010234072856141909]
  distortion_model: radtan
  intrinsics: [420.3293424072411, 422.0938563331847, 427.46982182827145, 235.96662924080889]
  resolution: [848, 480]
  rostopic: /ifo002/camera/infra1/image_rect_raw
  timeshift_cam_imu: 0.002871449190381056
cam1:
  T_cam_imu:
  - [-0.008742630159953607, -0.999961780917382, -5.587866003509134e-05, -0.052040345831307205]
  - [0.0038875851308378118, 2.1891355417413827e-05, -0.9999924430727561, -0.03515602708108587]
  - [0.9999542255022162, -0.008742781325581483, 0.003887245162876335, -0.10485304497665748]
  - [0.0, 0.0, 0.0, 1.0]
  T_cn_cnm1:
  - [0.9999994019905596, 7.833215462727455e-05, 0.0010908173936812827, -0.049983152665197324]
  - [-7.802805154554559e-05, 0.9999999580842941, -0.00027882435837074573, 4.134431999480615e-06]
  - [-0.0010908391888716608, 0.0002787390772753277, 0.9999993661869894, 2.004038644540692e-05]
  - [0.0, 0.0, 0.0, 1.0]
  cam_overlaps: [0]
  camera_model: pinhole
  distortion_coeffs: [-0.0001997374045288431, 0.0003001280579079632, -0.0004155930801938355, -0.0001946012297300367]
  distortion_model: radtan
  intrinsics: [420.3392876578212, 422.11848956997335, 427.5257825266123, 236.10169089242632]
  resolution: [848, 480]
  rostopic: /ifo002/camera/infra2/image_rect_raw
  timeshift_cam_imu: 0.002877561527024998
