cam0:
  cam_overlaps: [1]
  camera_model: pinhole
  distortion_coeffs: [-0.0006325857315915039, 0.0004755762420834004, -0.00036144795825349086, 0.00010234072856141909]
  distortion_model: radtan
  intrinsics: [420.3293424072411, 422.0938563331847, 427.46982182827145, 235.96662924080889]
  resolution: [848, 480]
  rostopic: /ifo002/camera/infra1/image_rect_raw
cam1:
  T_cn_cnm1:
  - [0.9999994019905558, 7.833215462727455e-05, 0.0010908173936812827, -0.049983152665197324]
  - [-7.802805154554559e-05, 0.9999999580842903, -0.00027882435837074573, 4.134431999480615e-06]
  - [-0.0010908391888716608, 0.0002787390772753277, 0.9999993661869856, 2.004038644540692e-05]
  - [0.0, 0.0, 0.0, 1.0]
  cam_overlaps: [0]
  camera_model: pinhole
  distortion_coeffs: [-0.0001997374045288431, 0.0003001280579079632, -0.0004155930801938355, -0.0001946012297300367]
  distortion_model: radtan
  intrinsics: [420.3392876578212, 422.11848956997335, 427.5257825266123, 236.10169089242632]
  resolution: [848, 480]
  rostopic: /ifo002/camera/infra2/image_rect_raw
