cam0:
  cam_overlaps: [1]
  camera_model: pinhole
  distortion_coeffs: [0.0011872547552499587, -0.0006795410975125896, -0.0004668300496499715, 0.00029842304640345055]
  distortion_model: radtan
  intrinsics: [420.3849483748887, 422.37201899494823, 426.48058028849005, 235.79239332081772]
  resolution: [848, 480]
  rostopic: /ifo003/camera/infra1/image_rect_raw
cam1:
  T_cn_cnm1:
  - [0.9999997864505328, 7.091492042240858e-05, 0.0006496691207386164, -0.04994974572042557]
  - [-7.100754545165538e-05, 0.9999999873186199, 0.00014255066458611083, -2.1608944218765567e-05]
  - [-0.0006496590035308791, -0.00014259676555411147, 0.9999997788046481, -1.2558010946482284e-05]
  - [0.0, 0.0, 0.0, 1.0]
  cam_overlaps: [0]
  camera_model: pinhole
  distortion_coeffs: [0.0012936412253883945, -0.0005862040343975327, -0.0005600980319221272, 0.0001589004381851821]
  distortion_model: radtan
  intrinsics: [420.44955459342043, 422.4025482760406, 426.6360719046911, 235.6621048332724]
  resolution: [848, 480]
  rostopic: /ifo003/camera/infra2/image_rect_raw
