cam0:
  T_cam_imu:
  - [0.008898374093057021, -0.9998757434082781, 0.0130121743857044, -0.005875316308629335]
  - [-0.035673611549917605, -0.013321829097097171, -0.9992746981228406, -0.03724941997370167]
  - [0.9993238776180056, 0.008427728831168269, -0.03578772148744175, -0.1043166307984369]
  - [0.0, 0.0, 0.0, 1.0]
  cam_overlaps: [1]
  camera_model: pinhole
  distortion_coeffs: [0.0011872547552499587, -0.0006795410975125896, -0.0004668300496499715, 0.00029842304640345055]
  distortion_model: radtan
  intrinsics: [420.3849483748887, 422.37201899494823, 426.48058028849005, 235.79239332081772]
  resolution: [848, 480]
  rostopic: /ifo003/camera/infra1/image_rect_raw
  timeshift_cam_imu: 0.0028404185079806163
cam1:
  T_cam_imu:
  - [0.009545072266395005, -0.9998709993666143, 0.01291805794371198, -0.05589547360784668]
  - [-0.035531788666338326, -0.013249628827516152, -0.9992807109767023, -0.03728548165880419]
  - [0.9993229626049827, 0.009079204895851734, -0.035653673707756656, -0.10432003713608382]
  - [0.0, 0.0, 0.0, 1.0]
  T_cn_cnm1:
  - [0.9999997864505319, 7.091492042240858e-05, 0.0006496691207386164, -0.04994974572042557]
  - [-7.100754545165538e-05, 0.999999987318619, 0.00014255066458611083, -2.1608944218765567e-05]
  - [-0.0006496590035308791, -0.00014259676555411147, 0.9999997788046472, -1.2558010946482284e-05]
  - [0.0, 0.0, 0.0, 1.0]
  cam_overlaps: [0]
  camera_model: pinhole
  distortion_coeffs: [0.0012936412253883945, -0.0005862040343975327, -0.0005600980319221272, 0.0001589004381851821]
  distortion_model: radtan
  intrinsics: [420.44955459342043, 422.4025482760406, 426.6360719046911, 235.6621048332724]
  resolution: [848, 480]
  rostopic: /ifo003/camera/infra2/image_rect_raw
  timeshift_cam_imu: 0.002840659474371675
