cam0:
  T_cam_imu:
  - [0.9999726057546465, -0.0020876229862262035, 0.007101378072542846, -0.0025664036189627032]
  - [0.0021400736324971507, 0.9999704300148767, -0.007386418666010694, 0.016779698532537683]
  - [-0.007085748027505833, 0.007401413792612918, 0.9999475042464784, -0.023690161780402702]
  - [0.0, 0.0, 0.0, 1.0]
  cam_overlaps: [1]
  camera_model: pinhole
  distortion_coeffs: [0.0011872547552499587, -0.0006795410975125896, -0.0004668300496499715, 0.00029842304640345055]
  distortion_model: radtan
  intrinsics: [420.3849483748887, 422.37201899494823, 426.48058028849005, 235.79239332081772]
  resolution: [848, 480]
  rostopic: /ifo003/camera/infra1/image_rect_raw
  timeshift_cam_imu: 0.004012892723935539
cam1:
  T_cam_imu:
  - [0.9999679405824886, -0.0020119012469552882, 0.0077504877646240086, -0.052530349626922025]
  - [0.002068057927014117, 0.9999716206473094, -0.007244379642485399, 0.016754894561244828]
  - [-0.007735692834362077, 0.007260175849553683, 0.9999437228679454, -0.02370343999471543]
  - [0.0, 0.0, 0.0, 1.0]
  T_cn_cnm1:
  - [0.9999997864505319, 7.091492042240858e-05, 0.0006496691207386164, -0.04994974572042557]
  - [-7.100754545165538e-05, 0.999999987318619, 0.00014255066458611083, -2.1608944218765567e-05]
  - [-0.0006496590035308791, -0.00014259676555411147, 0.9999997788046472, -1.2558010946482284e-05]
  - [0.0, 0.0, 0.0, 1.0]
  cam_overlaps: [0]
  camera_model: pinhole
  distortion_coeffs: [0.0012936412253883945, -0.0005862040343975327, -0.0005600980319221272, 0.0001589004381851821]
  distortion_model: radtan
  intrinsics: [420.44955459342043, 422.4025482760406, 426.6360719046911, 235.6621048332724]
  resolution: [848, 480]
  rostopic: /ifo003/camera/infra2/image_rect_raw
  timeshift_cam_imu: 0.00399968701914403
